1752073164431 1.0623180866241455 0
1752073164444 1.0144004821777344 1
1752073164455 0.9666051864624023 2
1752073164468 0.9181172251701355 3
1752073164480 0.8683054447174072 4
1752073164494 0.8166859149932861 5
1752073164506 0.7629378437995911 6
1752073164519 0.706899106502533 7
1752073164531 0.6485804319381714 8
1752073164542 0.5881925821304321 9
1752073164554 0.5262020826339722 10
1752073164566 0.46341168880462646 11
1752073164577 0.4010569751262665 12
1752073164588 0.34089165925979614 13
1752073164600 0.28520360589027405 14
1752073164612 0.23668143153190613 15
1752073164624 0.19804714620113373 16
1752073164637 0.17140179872512817 17
1752073164650 0.15725097060203552 18
1752073164666 0.15328349173069 19
1752073164684 0.15438231825828552 20
1752073164700 0.1555182933807373 21
1752073164718 0.15395893156528473 22
1752073164737 0.14905184507369995 23
1752073164755 0.1413014829158783 24
1752073164773 0.13164645433425903 25
1752073164792 0.12103263288736343 26
1752073164811 0.11021362245082855 27
1752073164829 0.09971708059310913 28
1752073164847 0.08991695195436478 29
1752073164865 0.08113835006952286 30
1752073164883 0.07371874153614044 31
1752073164902 0.06798285990953445 32
1752073164920 0.0641368106007576 33
1752073164938 0.06213156133890152 34
1752073164953 0.06157505884766579 35
1752073164968 0.06177579611539841 36
1752073164984 0.06195598468184471 37
1752073164999 0.061573103070259094 38
1752073165014 0.06058507785201073 39
1752073165029 0.05948270484805107 40
1752073165044 0.05898316204547882 41
1752073165059 0.05941610038280487 42
1752073165073 0.0602203793823719 43
1752073165086 0.060378387570381165 44
1752073165099 0.05956084653735161 45
1752073165112 0.05839002877473831 46
1752073165128 0.05761074647307396 47
1752073165141 0.057340387254953384 48
1752073165155 0.057130422443151474 49
