1752074483535 0.5807550549507141 0
1752074483581 0.9648979902267456 6
1752074483624 0.40220436453819275 12
1752074483663 0.3145180940628052 18
1752074483702 0.13513992726802826 24
1752074483742 0.2206990122795105 30
1752074483784 0.0864991620182991 36
1752074483832 0.06532393395900726 42
1752074483889 0.07177811861038208 48
1752074483952 0.03960807994008064 54
1752074484007 0.025369152426719666 60
1752074484060 0.1306973099708557 66
1752074484113 0.043748434633016586 72
1752074484161 0.04205528274178505 78
1752074484207 0.04307495057582855 84
1752074484255 0.0320763885974884 90
1752074484303 0.04516081139445305 96
1752074484351 0.047044411301612854 102
1752074484399 0.03970253840088844 108
1752074484446 0.041585683822631836 114
1752074484493 0.08556318283081055 120
1752074484539 0.09595125168561935 126
1752074484586 0.018966887146234512 132
1752074484635 0.024450376629829407 138
1752074484742 0.019334042444825172 144
1752074484825 0.016825418919324875 150
1752074484866 0.024617237970232964 156
1752074484912 0.020720645785331726 162
1752074484959 0.020169641822576523 168
1752074485011 0.04604628309607506 174
1752074485063 0.1067158579826355 180
1752074485112 0.03451063111424446 186
1752074485161 0.033270519226789474 192
1752074485207 0.027970056980848312 198
1752074485256 0.04749837517738342 204
1752074485303 0.03637239709496498 210
1752074485350 0.017330553382635117 216
1752074485398 0.033857207745313644 222
1752074485450 0.017279943451285362 228
1752074485498 0.025253450497984886 234
1752074485547 0.02438749372959137 240
1752074485594 0.04921765998005867 246
1752074485641 0.027031030505895615 252
1752074485688 0.08602756261825562 258
1752074485734 0.036853350698947906 264
1752074485780 0.07562606781721115 270
1752074485829 0.08816072344779968 276
1752074485877 0.014982510358095169 282
1752074485926 0.045085057616233826 288
1752074485972 0.03454018756747246 294
