1751971195121 0.9713238477706909 0
1751971196629 1.0092470651805991 100
1751971197367 0.9280276298522949 157
1751971198645 0.9944801985627354 257
1751971199369 0.9929960370063782 314
1751971200692 1.0203829944723903 414
1751971201424 0.9417465925216675 471
1751971202722 1.0129762805334412 571
1751971203439 1.0081419944763184 628
1751971204839 0.9952135605387168 728
1751971205560 1.1246345043182373 785
1751971206873 1.0170805011645403 885
1751971207600 0.9074996113777161 942
1751971208874 1.026762031092502 1042
1751971209628 1.0261684656143188 1099
1751971210881 1.0037214573067013 1199
1751971211618 0.8875149488449097 1256
1751971212897 1.002313511206372 1356
1751971213633 0.7999380826950073 1413
1751971214897 1.0055212148345343 1513
1751971215728 0.9638373255729675 1570
1751971217012 1.0121749828357507 1670
1751971217731 1.0376129150390625 1727
1751971218993 1.005477481549329 1827
1751971219711 0.8203831911087036 1884
1751971221002 1.018678906530437 1984
1751971221909 1.173789620399475 2041
1751971223786 1.0111060868395436 2141
1751971224887 1.128880500793457 2198
1751971226889 1.0004751611464093 2298
1751971227812 1.0414328575134277 2355
1751971229340 1.0055794816205996 2455
1751971230194 0.9122716188430786 2512
1751971231568 1.0054830348137582 2612
1751971232466 1.1723930835723877 2669
1751971233830 0.9832328799927589 2769
1751971234566 1.1283848285675049 2826
1751971235886 1.0197236319579701 2926
1751971236622 0.9044392704963684 2983
1751971237960 1.0056129239573337 3083
1751971238728 0.9265037775039673 3140
1751971240037 1.0173881608660857 3240
1751971240797 0.8808308839797974 3297
1751971242224 0.9881571649324776 3397
1751971242978 1.140440583229065 3454
1751971244301 1.0281616768034378 3554
1751971245041 0.9782294034957886 3611
1751971246342 1.0019076797041562 3711
1751971247107 1.1335711479187012 3768
1751971248434 1.0046470306887485 3868
1751971249195 1.1512093544006348 3925
1751971250492 1.0029342652547477 4025
1751971251232 0.6726393103599548 4082
1751971252571 1.0141532114236662 4182
1751971253315 0.7678349018096924 4239
1751971254694 0.9941772252026171 4339
1751971255540 0.9101393818855286 4396
1751971256998 1.0299939395177482 4496
1751971257787 1.1270660161972046 4553
1751971259274 0.9885235039314421 4653
1751971260045 1.4288204908370972 4710
1751971261603 1.0015885918447287 4810
1751971262399 0.7973350286483765 4867
1751971263900 0.9976255203237628 4967
1751971264750 1.100311517715454 5024
1751971266374 1.002978485409576 5124
1751971267108 0.7820946574211121 5181
1751971268444 0.9979381956676445 5281
1751971269214 1.1007766723632812 5338
1751971270918 1.023091470250989 5438
1751971271691 0.6937376856803894 5495
1751971273025 1.004646932134534 5595
1751971273824 1.0807403326034546 5652
1751971275223 1.0086458195554149 5752
1751971276018 0.8131451606750488 5809
1751971277315 1.0135568946895033 5909
1751971278078 1.0886589288711548 5966
1751971279377 1.017791982924584 6066
1751971280117 1.096286416053772 6123
1751971281374 1.0258366412455493 6223
1751971282121 0.9339550733566284 6280
1751971283422 0.9968742745937688 6380
1751971284148 1.1328805685043335 6437
1751971285400 1.0218245210033832 6537
1751971286133 1.1502559185028076 6594
1751971287396 1.0090545958811694 6694
1751971288150 1.0403220653533936 6751
1751971289408 1.001087492055232 6851
1751971290140 0.8832100033760071 6908
1751971291821 1.0220478029534368 7008
1751971292637 0.8638210296630859 7065
1751971294098 1.0043142077946428 7165
1751971294856 0.9438074231147766 7222
1751971296181 1.0101678719614993 7322
1751971296948 1.2358310222625732 7379
1751971298297 0.9998349128383222 7479
1751971299052 0.72026526927948 7536
1751971300366 1.0046486836848874 7636
1751971301264 1.1031996011734009 7693
1751971302695 1.0093403806780825 7793
