1752056756967 1.0267258882522583 0
1752056758455 1.0422249991114776 100
1752056759284 1.2857799530029297 157
1752056760704 1.0386024040750939 257
1752056761524 1.1287351846694946 314
1752056763108 1.0257898834672305 414
1752056763933 0.7951256632804871 471
1752056765261 1.025113547202384 571
1752056766021 1.035380482673645 628
1752056767325 1.0189334838697226 728
1752056768090 0.75684654712677 785
1752056769407 1.0248885078005272 885
1752056770165 0.9596726298332214 942
1752056771441 1.0226747275579093 1042
1752056772208 1.0273771286010742 1099
1752056773528 1.0334168052909398 1199
1752056774311 0.9561974406242371 1256
1752056775580 1.0151164242536714 1356
1752056776307 0.8268086314201355 1413
1752056777644 1.0265387320282435 1513
1752056778554 0.9996930360794067 1570
1752056780103 1.0352221928020515 1670
1752056780936 0.8574716448783875 1727
1752056782295 1.0343637023821917 1827
1752056783244 1.1247408390045166 1884
1752056784729 1.0067902071641224 1984
1752056785492 0.692593514919281 2041
1752056786851 1.0270679964877591 2141
1752056787621 1.2614719867706299 2198
1752056788972 1.0241295294006272 2298
1752056789783 0.9763458371162415 2355
1752056791281 1.0176739580560439 2455
1752056792153 0.8561661839485168 2512
1752056793562 1.0262274370335116 2612
1752056794507 0.9510509371757507 2669
1752056795805 1.023108726090724 2769
1752056796562 0.8863983154296875 2826
1752056797859 1.010344356593519 2926
1752056798640 1.1010957956314087 2983
1752056799932 1.0256395003583172 3083
1752056800688 0.9157509803771973 3140
1752056801983 1.0121583555004385 3240
1752056802738 0.8035882711410522 3297
1752056804099 1.0309317719818343 3397
1752056804873 1.2576720714569092 3454
1752056806205 1.0088621979892844 3554
1752056806948 0.9952507019042969 3611
1752056808300 1.0092155650110528 3711
1752056809109 0.7705658674240112 3768
