1752072318623 0.8569726943969727 0
1752072320208 0.9971433270095599 100
1752072320982 1.1282721757888794 157
1752072322207 0.9877486193534171 257
1752072322896 1.316744327545166 314
1752072324078 0.9951581211373357 414
1752072324772 0.9628096222877502 471
1752072326010 0.9929033435217225 571
1752072326705 1.0608973503112793 628
1752072327886 0.9744437100863693 728
1752072328568 0.6919125318527222 785
1752072329752 1.0024391743216183 885
1752072330477 0.8488373756408691 942
1752072331684 0.9742677453720924 1042
1752072332372 0.8715037107467651 1099
1752072333566 0.9729281604880153 1199
1752072334258 1.2180017232894897 1256
1752072335502 0.9909916343075214 1356
1752072336282 0.8887759447097778 1413
1752072337991 0.9494426350782413 1513
1752072338852 0.9738836288452148 1570
1752072340268 0.9497021722911608 1670
1752072341024 0.9977275729179382 1727
1752072342358 0.9509015933121785 1827
1752072343104 0.9109729528427124 1884
1752072344478 0.9184698692642816 1984
1752072345258 1.287397861480713 2041
1752072346609 0.9011492392804363 2141
1752072347374 0.9749680757522583 2198
1752072348736 0.8763697424737533 2298
1752072349500 0.6697866916656494 2355
1752072350908 0.8534270648909087 2455
1752072351668 1.0904436111450195 2512
1752072353016 0.819259247567394 2612
1752072353750 0.7685484290122986 2669
1752072355080 0.8102197313662802 2769
1752072355975 0.7356889843940735 2826
1752072357624 0.7633164879119042 2926
1752072358487 0.846539318561554 2983
1752072359952 0.7280628929043761 3083
1752072360770 1.1369109153747559 3140
1752072362113 0.6874329837241976 3240
1752072362907 0.7176780700683594 3297
1752072364221 0.662644110103645 3397
1752072364989 0.41626253724098206 3454
1752072366673 0.5947360405237367 3554
1752072368466 0.6366182565689087 3611
1752072370108 0.57602192800824 3711
1752072370953 0.43047311902046204 3768
1752072372361 0.5257948312428918 3868
1752072373266 0.45624643564224243 3925
1752072374614 0.4889307653549874 4025
1752072375479 0.350680410861969 4082
1752072376958 0.45321367843316335 4182
1752072377868 0.38199153542518616 4239
1752072379175 0.4310463377744845 4339
1752072380061 0.40426135063171387 4396
1752072381518 0.382727050545192 4496
1752072382277 0.5227402448654175 4553
1752072383593 0.35509769928337326 4653
1752072384382 0.2414691001176834 4710
1752072385746 0.321334780000224 4810
1752072386620 0.30890092253685 4867
1752072388122 0.2948842972221941 4967
1752072388941 0.21921265125274658 5024
1752072390213 0.264304186300476 5124
1752072390970 0.29839181900024414 5181
1752072392322 0.23304536068203427 5281
1752072393151 0.19238436222076416 5338
1752072394633 0.21527660925789635 5438
1752072395475 0.1730688065290451 5495
1752072396821 0.19346983214416127 5595
1752072397537 0.17053191363811493 5652
1752072398808 0.18217837198240922 5752
1752072399540 0.14045774936676025 5809
1752072400866 0.16099359471314023 5909
1752072401647 0.13795796036720276 5966
1752072402932 0.1457451322291157 6066
1752072403719 0.12087401002645493 6123
1752072405298 0.12936898416811876 6223
1752072406082 0.10227008908987045 6280
1752072407432 0.12325079097311095 6380
1752072408187 0.10563883185386658 6437
1752072409549 0.11349730459180209 6537
1752072410328 0.08938196301460266 6594
1752072411729 0.10305847249703833 6694
1752072412504 0.08003129065036774 6751
1752072414026 0.09487196991201674 6851
1752072414819 0.06463751941919327 6908
1752072416237 0.08355306520467938 7008
1752072416998 0.06628140062093735 7065
1752072418368 0.07614979845019851 7165
1752072419127 0.07348766177892685 7222
1752072420564 0.0795767202530757 7322
1752072421385 0.0711236223578453 7379
1752072422731 0.06902359142014296 7479
1752072423485 0.055683862417936325 7536
1752072424941 0.066817790454272 7636
1752072425697 0.057247623801231384 7693
1752072427322 0.060920935492999484 7793
