1752074304307 0.9950470328330994 0
1752074304324 0.9545268416404724 1
1752074304344 0.9141735434532166 2
1752074304359 0.8730983138084412 3
1752074304383 0.8304847478866577 4
1752074304396 0.7854874134063721 5
1752074304409 0.7373064160346985 6
1752074304421 0.6853126287460327 7
1752074304433 0.6291520595550537 8
1752074304445 0.5688561201095581 9
1752074304457 0.5050116181373596 10
1752074304471 0.43899601697921753 11
1752074304483 0.3732312023639679 12
1752074304496 0.311313658952713 13
1752074304509 0.2577500343322754 14
1752074304521 0.21699848771095276 15
1752074304534 0.19183452427387238 16
1752074304549 0.18147854506969452 17
1752074304563 0.18064941465854645 18
1752074304582 0.18207690119743347 19
1752074304598 0.18083946406841278 20
1752074304615 0.17535901069641113 21
1752074304636 0.16610869765281677 22
1752074304654 0.15439201891422272 23
1752074304673 0.14163455367088318 24
1752074304691 0.129027858376503 25
1752074304711 0.11737839877605438 26
1752074304730 0.10708750039339066 27
1752074304748 0.09822426736354828 28
1752074304767 0.0906539261341095 29
1752074304786 0.08417896181344986 30
1752074304805 0.07865555584430695 31
1752074304824 0.07405691593885422 32
1752074304841 0.0704711526632309 33
1752074304857 0.06803646683692932 34
1752074304873 0.06683126837015152 35
1752074304889 0.06675088405609131 36
1752074304905 0.06742096692323685 37
1752074304920 0.06822200864553452 38
1752074304935 0.06848809123039246 39
1752074304951 0.06782326847314835 40
1752074304971 0.06631939858198166 41
1752074304985 0.06449751555919647 42
1752074305000 0.06300856918096542 43
1752074305015 0.06227422133088112 44
1752074305029 0.06226586923003197 45
1752074305044 0.06256196647882462 46
1752074305057 0.06265576928853989 47
1752074305072 0.06227476894855499 48
1752074305086 0.061480000615119934 49
