1752071844760 1.0713798999786377 0
1752071846185 1.0026570605759573 100
1752071846916 1.0860203504562378 157
1752071848126 1.010315192808019 257
1752071848814 1.056191325187683 314
1752071850000 0.9994477446716611 414
1752071850705 0.9754288196563721 471
1752071851963 1.0116077449062082 571
1752071852666 1.1380223035812378 628
1752071853867 1.0025480200748633 728
1752071854555 0.9060248732566833 785
1752071855752 0.9843033192181351 885
1752071856486 1.4371306896209717 942
1752071857697 0.9806789808934278 1042
1752071858390 0.8785141706466675 1099
1752071859608 0.9910801472050128 1199
1752071860302 0.9949934482574463 1256
1752071861569 0.9710707511052047 1356
1752071862268 0.830345094203949 1413
1752071863459 0.9543677686464669 1513
1752071864182 0.8520462512969971 1570
1752071865367 0.9394620090427965 1670
1752071866049 0.6867462992668152 1727
1752071867352 0.9258572028415037 1827
1752071868136 1.195132851600647 1884
1752071869944 0.9271525764229274 1984
1752071871132 0.7749862670898438 2041
1752071872740 0.8925675496016399 2141
1752071873673 0.8841369152069092 2198
1752071876193 0.873919694730551 2298
1752071877625 0.5538944005966187 2355
1752071880499 0.8393768615061694 2455
1752071881724 0.9051132202148438 2512
1752071883228 0.8054758543425268 2612
1752071884064 0.9925305247306824 2669
1752071885505 0.7802884590507734 2769
1752071886440 0.6982635259628296 2826
1752071888284 0.7462186586148668 2926
1752071889124 0.6613063812255859 2983
1752071890516 0.7086161357341426 3083
1752071891292 0.5800707340240479 3140
1752071892679 0.6754009885953205 3240
1752071893460 0.6090781688690186 3297
1752071894779 0.6330290008889566 3397
1752071895589 0.6800798177719116 3454
1752071897478 0.60080289457104 3554
1752071898285 0.534801721572876 3611
1752071899695 0.5600490514004585 3711
1752071900542 0.4684476852416992 3768
1752071901882 0.5224298324325297 3868
1752071902704 0.36194607615470886 3925
1752071904011 0.47083989080816213 4025
1752071904761 0.394742488861084 4082
1752071906224 0.42599519910198624 4182
1752071907034 0.3111712634563446 4239
1752071908363 0.4084237397897362 4339
1752071909137 0.4451870024204254 4396
1752071910471 0.3765735472783004 4496
1752071911217 0.21099063754081726 4553
1752071912619 0.33989037868410055 4653
1752071913378 0.24568235874176025 4710
1752071914694 0.3193965394898216 4810
1752071915446 0.3968586325645447 4867
1752071917071 0.2926704321462329 4967
1752071918008 0.13565278053283691 5024
1752071919712 0.26609352924446067 5124
1752071920545 0.2722119092941284 5181
1752071921984 0.24661513926959275 5281
1752071922792 0.20542971789836884 5338
1752071924187 0.22220207817188584 5438
1752071924913 0.18297134339809418 5495
1752071926190 0.20150148551357855 5595
1752071926950 0.18457119166851044 5652
1752071928290 0.18928249357360424 5752
1752071929075 0.12462923675775528 5809
1752071930519 0.1651866582803207 5909
1752071931277 0.1676226705312729 5966
1752071932827 0.15234848465954903 6066
1752071933582 0.14092494547367096 6123
1752071934930 0.14372849759489004 6223
1752071935717 0.11525114625692368 6280
1752071937014 0.125290552504582 6380
1752071937778 0.0684598758816719 6437
1752071939114 0.11868834384892246 6537
1752071940191 0.1083165854215622 6594
1752071941746 0.11119079656235062 6694
1752071942501 0.1126069501042366 6751
1752071943837 0.10362613112619608 6851
1752071944582 0.09076573699712753 6908
1752071945924 0.09210162974967814 7008
1752071946795 0.07443975657224655 7065
1752071948246 0.0852444505706282 7165
1752071949008 0.055942103266716 7222
1752071950493 0.0821810115386944 7322
1752071951254 0.06884785741567612 7379
1752071952708 0.0746791954751652 7479
1752071953661 0.05922213941812515 7536
1752071955049 0.0711103633488759 7636
1752071955821 0.04006221145391464 7693
1752071957263 0.06967709888473596 7793
