1751970709853 0.9395073652267456 0
1751970711454 1.0198813954202255 100
1751970712255 1.0812612771987915 157
1751970713734 1.0248720303620442 257
1751970714555 0.9795728921890259 314
1751970716015 1.0151193318980756 414
1751970716798 1.0464025735855103 471
1751970718138 1.0187218714468549 571
1751970718907 0.9813299179077148 628
1751970720407 0.9981573023418389 728
1751970721523 0.9301878809928894 785
1751970723439 1.0339579293043306 885
1751970724212 0.9951642751693726 942
1751970725701 1.010737929603841 1042
1751970726635 0.7387171983718872 1099
1751970728113 1.0000891012720543 1199
1751970728941 1.349111557006836 1256
1751970730341 1.0226797136929955 1356
1751970731078 1.3061037063598633 1413
1751970732717 1.0246994176713546 1513
1751970733759 0.9666000604629517 1570
1751970735295 1.0252497393896085 1670
1751970736944 1.0604664087295532 1727
1751970738953 1.0194932340395333 1827
1751970739965 0.9507464170455933 1884
1751970742262 1.0063668595682276 1984
1751970743608 0.9854283332824707 2041
1751970745354 1.018696691730235 2141
1751970746455 0.9143737554550171 2198
1751970748417 1.0075125611654603 2298
1751970749312 1.1618610620498657 2355
1751970750968 1.0222096779558918 2455
1751970751734 1.1882216930389404 2512
1751970753270 1.0308545178706103 2612
1751970754090 0.8188503384590149 2669
1751970755480 1.020274569492529 2769
1751970756366 1.1321262121200562 2826
1751970757868 1.039377191279194 2926
1751970758954 0.9975361824035645 2983
1751970760400 1.0130189214602556 3083
1751970761201 0.9600719213485718 3140
1751970762589 1.021244497582464 3240
1751970763354 0.6772569417953491 3297
1751970764713 1.020448897144582 3397
1751970765474 1.1062556505203247 3454
1751970766851 1.0258368507470235 3554
1751970767750 0.9675599336624146 3611
1751970769581 1.0177034883215876 3711
1751970770727 1.1532576084136963 3768
1751970772372 0.9965013997389538 3868
1751970773452 0.9362097978591919 3925
1751970775473 1.0424591007799204 4025
1751970776429 0.781075656414032 4082
1751970778082 1.0174656864440088 4182
1751970778869 1.0673161745071411 4239
1751970780382 1.0229846941362513 4339
1751970781183 0.8230336308479309 4396
1751970782758 1.021755320010799 4496
1751970783729 0.9526032209396362 4553
1751970785333 1.0076118235540863 4653
1751970786289 0.8324551582336426 4710
1751970787979 1.01588773491359 4810
1751970788782 0.99043208360672 4867
1751970790223 1.0191190260471683 4967
1751970791054 0.677833080291748 5024
1751970792706 1.0149457059284248 5124
1751970793574 0.9860730171203613 5181
1751970795094 0.9948757456080748 5281
1751970795936 0.8432453274726868 5338
1751970797447 0.9937609711495956 5438
1751970798286 1.014073133468628 5495
1751970799806 1.0274847639669287 5595
1751970800649 1.0107837915420532 5652
1751970802312 1.0270558695981997 5752
1751970803294 1.0640743970870972 5809
1751970804812 1.0037325366888896 5909
1751970805637 1.0792521238327026 5966
1751970807269 1.0364723134749005 6066
1751970808751 0.9653548002243042 6123
1751970810099 1.0094025736988181 6223
1751970810857 0.9966405630111694 6280
1751970812162 1.0219956860683932 6380
1751970812939 0.9931386113166809 6437
1751970814296 1.0105030518947262 6537
1751970815047 0.9233266711235046 6594
1751970816385 1.0194051430957152 6694
1751970817131 1.0750688314437866 6751
1751970818478 1.0230536862175064 6851
1751970819215 1.014522671699524 6908
1751970820515 1.0126042631593082 7008
1751970821269 1.0818076133728027 7065
1751970822584 1.0044660391193805 7165
1751970823353 0.969733715057373 7222
1751970824653 1.0213319039580846 7322
1751970825432 1.0973268747329712 7379
1751970826883 1.0126370740408945 7479
1751970827649 1.3515111207962036 7536
1751970828989 1.0225146412849426 7636
1751970829758 0.8764408826828003 7693
1751970831061 1.0186879381094829 7793
