1752072507698 0.8378889560699463 0
1752072509281 0.9984285270813669 100
1752072510038 1.2358986139297485 157
1752072511313 0.988903269909396 257
1752072512020 1.3095228672027588 314
1752072513296 1.01355906229208 414
1752072514049 1.060448169708252 471
1752072515353 0.9848696689794559 571
1752072516065 0.7330185174942017 628
1752072517439 0.9856308592428075 728
1752072518160 0.7140934467315674 785
1752072519453 1.0045995505729524 885
1752072520183 0.8148075938224792 942
1752072521452 0.9967479428442398 1042
1752072522324 0.9964691996574402 1099
1752072523737 0.9791348364093516 1199
1752072524545 0.7530122399330139 1256
1752072525975 0.965218197591234 1356
1752072526716 1.1782454252243042 1413
1752072528243 0.9483164643297101 1513
1752072529192 0.7760214805603027 1570
1752072530776 0.9376688705812587 1670
1752072531542 0.7793388366699219 1727
1752072533076 0.9334893545301834 1827
1752072533834 1.0671955347061157 1884
1752072535152 0.8931351389625285 1984
1752072535884 0.8767291903495789 2041
1752072537145 0.8801896436379688 2141
1752072537856 1.0700502395629883 2198
1752072539143 0.8462093667228623 2298
1752072539926 1.0210891962051392 2355
1752072541231 0.8154838094026735 2455
1752072541950 0.9578630924224854 2512
1752072543214 0.7964491451730823 2612
1752072543921 0.6223977208137512 2669
1752072545222 0.7644732942675599 2769
1752072545941 0.6150369048118591 2826
1752072547211 0.7240325333458362 2926
1752072547914 0.5856693983078003 2983
1752072549167 0.6815044596643731 3083
1752072549999 0.6510288715362549 3140
1752072551267 0.6316478910422562 3240
1752072551976 0.4064353108406067 3297
1752072553225 0.6114221404094508 3397
1752072553934 0.6497888565063477 3454
1752072555222 0.5751281569499781 3554
1752072555935 0.4428214132785797 3611
1752072557177 0.5177320728797724 3711
1752072557884 0.4056672751903534 3768
1752072559133 0.4966434927860109 3868
1752072559873 0.32029178738594055 3925
1752072561239 0.4484160828708422 4025
1752072561973 0.46162015199661255 4082
1752072563236 0.42178263404581806 4182
1752072563958 0.2902376651763916 4239
1752072565568 0.3777822716401355 4339
1752072566309 0.33839482069015503 4396
1752072567635 0.34930628243059214 4496
1752072568345 0.23551106452941895 4553
1752072569605 0.3164355167658022 4653
1752072570362 0.2202858030796051 4710
1752072571684 0.2881578341273978 4810
1752072572397 0.20119762420654297 4867
1752072573667 0.26019876619966903 4967
1752072574390 0.25609874725341797 5024
1752072575735 0.23707253780990545 5124
1752072576450 0.1770116090774536 5181
1752072577850 0.21873659043028804 5281
1752072578560 0.16422149538993835 5338
1752072580156 0.19589421839112103 5438
1752072580966 0.12630973756313324 5495
1752072582243 0.18685533069442994 5595
1752072582962 0.166725754737854 5652
1752072584218 0.16781598034471568 5752
1752072584947 0.19331669807434082 5809
1752072586255 0.1471893971804345 5909
1752072586969 0.15608133375644684 5966
1752072588232 0.13445475697517395 6066
1752072588937 0.07160453498363495 6123
1752072590240 0.12823145851345347 6223
1752072591061 0.12543192505836487 6280
1752072592366 0.11571651011115254 6380
1752072593098 0.09582097083330154 6437
1752072594462 0.1053929178062642 6537
1752072595241 0.04883628338575363 6594
1752072596698 0.09432966365377501 6694
1752072597491 0.10578488558530807 6751
1752072598893 0.08920493153947415 6851
1752072599735 0.06920917332172394 6908
1752072601348 0.08364170516776566 7008
1752072602125 0.053294990211725235 7065
1752072603504 0.07866104732793157 7165
1752072604291 0.05979760363698006 7222
1752072605774 0.07771870512330886 7322
1752072606592 0.06439563632011414 7379
1752072607984 0.07408499536980497 7479
1752072608766 0.04839271306991577 7536
1752072610146 0.0658475125190055 7636
1752072610957 0.06052369624376297 7693
1752072612628 0.05766754995773334 7793
