1752074182718 0.9522777199745178 0
1752074182734 0.9030537009239197 1
1752074182746 0.8549118041992188 2
1752074182760 0.8072208762168884 3
1752074182773 0.7591407299041748 4
1752074182785 0.7099812030792236 5
1752074182798 0.6593002080917358 6
1752074182814 0.6068992018699646 7
1752074182831 0.5528660416603088 8
1752074182844 0.49767327308654785 9
1752074182857 0.44229787588119507 10
1752074182869 0.3883140981197357 11
1752074182883 0.33788108825683594 12
1752074182897 0.2935587763786316 13
1752074182912 0.2578909993171692 14
1752074182926 0.2326708436012268 15
1752074182945 0.2178104817867279 16
1752074182968 0.21028417348861694 17
1752074182987 0.20503833889961243 18
1752074183007 0.197999507188797 19
1752074183026 0.1875944584608078 20
1752074183045 0.17421342432498932 21
1752074183064 0.15928620100021362 22
1752074183083 0.144618421792984 23
1752074183102 0.1319284439086914 24
1752074183121 0.12240780144929886 25
1752074183140 0.11624141782522202 26
1752074183157 0.11235038936138153 27
1752074183172 0.10888279229402542 28
1752074183192 0.10429465770721436 29
1752074183210 0.09808896481990814 30
1752074183226 0.09080992639064789 31
1752074183243 0.08357764035463333 32
1752074183259 0.07753130048513412 33
1752074183275 0.07340668886899948 34
1752074183290 0.07134957611560822 35
1752074183306 0.07095737010240555 36
1752074183322 0.07146294414997101 37
1752074183340 0.07197240740060806 38
1752074183355 0.07171380519866943 39
1752074183371 0.07025816291570663 40
1752074183386 0.06764523684978485 41
1752074183401 0.06437044590711594 42
1752074183414 0.06123214215040207 43
1752074183429 0.05905349180102348 44
1752074183443 0.0583280511200428 45
1752074183459 0.05893053486943245 46
1752074183473 0.06012480705976486 47
1752074183489 0.060989025980234146 48
1752074183503 0.06099232658743858 49
